# Camera list with one line of data per camera:
#   CAMERA_ID, MODEL, WIDTH, HEIGHT, PARAMS[]
# Number of cameras: 60
60 SIMPLE_PINHOLE 1920 1080 4499.41 960 540
59 SIMPLE_PINHOLE 1920 1080 4502.98 960 540
58 SIMPLE_PINHOLE 1920 1080 4500.33 960 540
57 SIMPLE_PINHOLE 1920 1080 4499.93 960 540
56 SIMPLE_PINHOLE 1920 1080 4497.72 960 540
55 SIMPLE_PINHOLE 1920 1080 4501.88 960 540
54 SIMPLE_PINHOLE 1920 1080 4499.18 960 540
53 SIMPLE_PINHOLE 1920 1080 4495.61 960 540
52 SIMPLE_PINHOLE 1920 1080 4499.94 960 540
51 SIMPLE_PINHOLE 1920 1080 4498.69 960 540
50 SIMPLE_PINHOLE 1920 1080 4503.01 960 540
49 SIMPLE_PINHOLE 1920 1080 4500.02 960 540
48 SIMPLE_PINHOLE 1920 1080 4501.37 960 540
23 SIMPLE_PINHOLE 1920 1080 4500.25 960 540
22 SIMPLE_PINHOLE 1920 1080 4499.04 960 540
21 SIMPLE_PINHOLE 1920 1080 4499.08 960 540
20 SIMPLE_PINHOLE 1920 1080 4501.36 960 540
19 SIMPLE_PINHOLE 1920 1080 4499.65 960 540
18 SIMPLE_PINHOLE 1920 1080 4495.07 960 540
17 SIMPLE_PINHOLE 1920 1080 4500.81 960 540
16 SIMPLE_PINHOLE 1920 1080 4497.03 960 540
15 SIMPLE_PINHOLE 1920 1080 4500.05 960 540
14 SIMPLE_PINHOLE 1920 1080 4500.18 960 540
13 SIMPLE_PINHOLE 1920 1080 4497 960 540
12 SIMPLE_PINHOLE 1920 1080 4502.59 960 540
5 SIMPLE_PINHOLE 1920 1080 4496.81 960 540
4 SIMPLE_PINHOLE 1920 1080 4499.91 960 540
3 SIMPLE_PINHOLE 1920 1080 4499.6 960 540
1 SIMPLE_PINHOLE 1920 1080 4502.35 960 540
2 SIMPLE_PINHOLE 1920 1080 4503.11 960 540
6 SIMPLE_PINHOLE 1920 1080 4497.89 960 540
7 SIMPLE_PINHOLE 1920 1080 4497.91 960 540
8 SIMPLE_PINHOLE 1920 1080 4502.59 960 540
9 SIMPLE_PINHOLE 1920 1080 4501.67 960 540
10 SIMPLE_PINHOLE 1920 1080 4500.56 960 540
11 SIMPLE_PINHOLE 1920 1080 4498.31 960 540
24 SIMPLE_PINHOLE 1920 1080 4499.25 960 540
25 SIMPLE_PINHOLE 1920 1080 4499.64 960 540
26 SIMPLE_PINHOLE 1920 1080 4499.6 960 540
27 SIMPLE_PINHOLE 1920 1080 4498.24 960 540
28 SIMPLE_PINHOLE 1920 1080 4497.81 960 540
29 SIMPLE_PINHOLE 1920 1080 4499.78 960 540
30 SIMPLE_PINHOLE 1920 1080 4497.89 960 540
31 SIMPLE_PINHOLE 1920 1080 4497.99 960 540
32 SIMPLE_PINHOLE 1920 1080 4499.45 960 540
33 SIMPLE_PINHOLE 1920 1080 4498.17 960 540
34 SIMPLE_PINHOLE 1920 1080 4501.41 960 540
35 SIMPLE_PINHOLE 1920 1080 4501.84 960 540
36 SIMPLE_PINHOLE 1920 1080 4497.9 960 540
37 SIMPLE_PINHOLE 1920 1080 4501.57 960 540
38 SIMPLE_PINHOLE 1920 1080 4501.25 960 540
39 SIMPLE_PINHOLE 1920 1080 4499.11 960 540
40 SIMPLE_PINHOLE 1920 1080 4500.08 960 540
41 SIMPLE_PINHOLE 1920 1080 4501.35 960 540
42 SIMPLE_PINHOLE 1920 1080 4498.55 960 540
43 SIMPLE_PINHOLE 1920 1080 4499.84 960 540
44 SIMPLE_PINHOLE 1920 1080 4499.32 960 540
45 SIMPLE_PINHOLE 1920 1080 4502.13 960 540
46 SIMPLE_PINHOLE 1920 1080 4501.68 960 540
47 SIMPLE_PINHOLE 1920 1080 4500.22 960 540
